A 
00100
01010
11111
10001
10001

B 
11110
01001
01110
01001
11110

C 
01111
10000
10000
10000
01111

D 
11110
01001
01001
01001
11110

E 
11111
10000
11110
10000
11111

F 
11111
10000
11110
10000
10000

G 
01111
10000
10011
10001
01111

H 
10001
10001
11111
10001
10001

I 
01110
00100
00100
00100
01110

J 
00001
00001
00001
10001
01110

K 
10011
10100
11000
10100
10011

L 
10000
10000
10000
10000
11111

M 
10001
11011
10101
10001
10001

N 
10001
11001
10101
10011
10001

O 
01110
10001
10001
10001
01110

P 
01110
10001
11110
10000
10000

Q 
01100
10010
10110
10010
01101

R 
01110
10001
11110
10100
10010

S 
01110
10000
01110
00001
11110

T 
11111
00100
00100
00100
00100

V 
10001
10001
10001
01010
00100

U 
10001
10001
10001
10001
01110

W 
10001
10001
10101
11011
10001

X 
10001
01010
00100
01010
10001

Y 
10001
01010
00100
00100
00100

Z 
11111
00010
00100
01000
11111

a 
00000
01110
10010
10010
01101

b 
10000
10000
11110
10001
11110

c 
00000
01111
10000
10000
01111

d 
00001
00001
01111
10001
01111

e 
00000
01110
11111
10000
01111

f 
00100
01010
01000
11100
01000

g 
00000
01111
10000
10011
01111

h 
10000
10000
10110
11001
10001

i 
00100
00000
01100
00100
01110

j 
00000
00110
00010
10010
01100

k 
10000
10000
10110
11000
10110

l 
01100
00100
00100
00100
01110

m 
00000
01010
10101
10001
10001

n 
00000
10110
11001
10001
10001

o 
00000
01110
10001
10001
01110

p 
00000
01110
10001
11110
10000

q 
00000
01110
10001
01111
00001

r 
00000
10011
10100
11000
10000

s 
00000
00011
00100
00010
01100

t 
01000
11100
01000
01010
00100

u 
00000
10010
10010
10010
01101

v 
00000
10001
10001
01010
00100

w 
00000
10001
10101
11011
10001

x 
00000
10010
01100
01100
10010

y 
00000
10001
01010
00100
11000

z 
00000
11110
00100
01000
11110

0 
01110
10011
10101
11001
01110

1 
00100
01100
00100
00100
01110

2 
11110
00001
00110
01000
11111

3 
11110
00001
01110
00001
11110

4 
00110
01010
11111
00010
00010

5 
11111
10000
11110
00001
11110

6 
00110
01000
11110
10001
01110

7 
11111
00010
00100
01000
01000

8 
01110
10001
01110
10001
01110

9 
01110
10001
01111
00010
01100

# 
01010
11111
01010
11111
01010

$ 
01111
10100
01110
00101
11110

£ 
00110
01001
11100
01000
11111

% 
11001
11010
00100
01011
10011

& 
01000
10100
01101
10010
01101

' 
01100
01100
00100
01000
00000

( 
00010
00100
00100
00100
00010

) 
01000
00100
00100
00100
01000

‘ 
01100
01100
01000
00100
00000

’ 
00110
00110
00010
00100
00000

+ 
00100
00100
11111
00100
00100

, 
00000
00110
00110
00010
00100

- 
00000
00000
11111
00000
00000

. 
00000
00000
00000
01100
01100

/ 
00001
00010
00100
01000
10000

! 
00100
00100
00100
00000
00100

" 
01010
01010
00000
00000
00000

[ 
00111
00100
00100
00100
00111

\ 
10000
01000
00100
00010
00001

] 
11100
00100
00100
00100
11100

@ 
01110
10101
10111
10000
01110

_ 
00000
00000
00000
00000
11111

: 
01100
01100
00000
01100
01100

; 
01100
00000
01100
00100
01000

< 
00010
00100
01000
00100
00010

= 
00000
11111
00000
11111
00000

> 
01000
00100
00010
00100
01000

? 
01110
10001
00110
00000
00100

{ 
00110
00100
01000
00100
00110

} 
01100
00100
00010
00100
01100

¦ 
00100
00100
00000
00100
00100

¥ 
10001
01010
00100
01110
00100

* 
10101
01110
11111
01110
10101

^ 
00100
01010
10001
00000
00000

~ 
01000
10101
00010
00000
00000